avg_order_hour,sin_order_hour,cos_order_hour,min_delivery_fee,max_delivery_fee,total_delivery_fee,min_amount_paid,max_amount_paid,total_amount_paid,amount_payment_1619,amount_payment_1779,amount_transmission_4228,amount_transmission_4324,amount_transmission_4356,amount_platform_29463,amount_platform_29815,amount_platform_30231,amount_platform_30359
1.0,-0.6000996896137485,0.6901169127294593,-0.008279085504999836,-0.003856195638428347,-0.002380728995247446,-0.039177813504605155,-0.03346162830756005,-0.005552388445595831,-0.0032501531251686597,-0.0019994226359698617,-0.004917581856494343,-0.0032880868011712842,-0.0021214813988455995,-0.03164730335890613,0.008785247737428163,0.01217091843051216,0.003110056355786042
-0.6000996896137485,1.0,-0.309788383841195,0.02530242067130522,-0.04828570411147083,-0.05605608693287625,0.07266538754318005,-0.02867490809652128,-0.09911541252048155,-0.07917167840506573,-0.06737783262693552,-0.06344979700873991,-0.06577753604063001,-0.08122528918074233,-0.02222488769376185,-0.05343312008378664,-0.07404320572996431,-0.052144514211359926
0.6901169127294593,-0.309788383841195,1.0,0.016197905804839118,-0.015154530192697182,-0.024611830400332158,-0.005547580353510321,-0.04785875187979771,-0.04786664381033823,-0.034966515915552526,-0.03169937244257418,-0.03503071793659326,-0.02771548397956484,-0.03626292606743063,-0.058233671191122514,-0.00946663435450961,-0.013274499505183937,-0.007919937402093813
-0.008279085504999836,0.02530242067130522,0.016197905804839118,1.0,0.672839732404852,0.16610839955569556,0.1541468681715685,0.025738143827644704,-0.08307213461575481,-0.07636962924952796,-0.04452921579833414,-0.07215484521130708,-0.06439618905638506,-0.04928341128223441,-0.04156331808264277,-0.04335394637815174,-0.0520796315612519,-0.031028752327405002
-0.003856195638428347,-0.04828570411147083,-0.015154530192697182,0.672839732404852,1.0,0.44207787668265675,0.009183430530910867,0.1610406232698501,0.22628293449417783,0.17670544110022843,0.1388144779189175,0.1461319240268024,0.1368825335282913,0.1825291937092701,0.11632226652760565,0.11879036300444512,0.12390030556638788,0.08637729139093084
-0.002380728995247446,-0.05605608693287625,-0.024611830400332158,0.16610839955569556,0.44207787668265675,1.0,-0.07003015642155334,0.13044733545134568,0.5639664727637722,0.35733031671562837,0.39494025683577166,0.3250701847943754,0.3248897615840312,0.5022810761719366,0.36087369945847003,0.27017412474131974,0.30110570101878364,0.14957567641020267
-0.039177813504605155,0.07266538754318005,-0.005547580353510321,0.1541468681715685,0.009183430530910867,-0.07003015642155334,1.0,0.6488181533423096,-0.0734572026752301,-0.04809083623215575,-0.06602328325770727,-0.06066634777038633,-0.045821141545224875,-0.05501790060764644,-0.006507548488245407,-0.0578914625108507,-0.07781416863116412,-0.007491562030147699
-0.03346162830756005,-0.02867490809652128,-0.04785875187979771,0.025738143827644704,0.1610406232698501,0.13044733545134568,0.6488181533423096,1.0,0.35728467705035233,0.31757727786852175,0.1815116589303512,0.22805308920322204,0.230002183417205,0.28191143693935516,0.21829177448853962,0.1486861718565583,0.18549244201786486,0.14235572465237997
-0.005552388445595831,-0.09911541252048155,-0.04786664381033823,-0.08307213461575481,0.22628293449417783,0.5639664727637722,-0.0734572026752301,0.35728467705035233,1.0,0.7546964910263355,0.6354555894579874,0.6558444892924381,0.6395862164195161,0.8022977922159853,0.5704056137908008,0.4959234255226189,0.567718575488754,0.2878862158205474
-0.0032501531251686597,-0.07917167840506573,-0.034966515915552526,-0.07636962924952796,0.17670544110022843,0.35733031671562837,-0.04809083623215575,0.31757727786852175,0.7546964910263355,1.0,0.0907856937748872,0.5020399897280863,0.5176117729543713,0.6011654981591094,0.30499888246711454,0.39666536474070857,0.5159725925507203,0.24093838434865447
-0.0019994226359698617,-0.06737783262693552,-0.03169937244257418,-0.04452921579833414,0.1388144779189175,0.39494025683577166,-0.06602328325770727,0.1815116589303512,0.6354555894579874,0.0907856937748872,1.0,0.399940875244041,0.3717047362365937,0.533285246540472,0.49389885928147687,0.24654349470629897,0.31162624241905035,0.17254860517041865
-0.004917581856494343,-0.06344979700873991,-0.03503071793659326,-0.07215484521130708,0.1461319240268024,0.3250701847943754,-0.06066634777038633,0.22805308920322204,0.6558444892924381,0.5020399897280863,0.399940875244041,1.0,0.23605788646558468,0.265200615262109,0.3549870852378697,0.3408618728866501,0.3643407466470351,0.21065849071563836
-0.0032880868011712842,-0.06577753604063001,-0.02771548397956484,-0.06439618905638506,0.1368825335282913,0.3248897615840312,-0.045821141545224875,0.230002183417205,0.6395862164195161,0.5176117729543713,0.3717047362365937,0.23605788646558468,1.0,0.287026245212454,0.35352366613900005,0.32926855936786176,0.3807070124885217,0.16237697015735225
-0.0021214813988455995,-0.08122528918074233,-0.03626292606743063,-0.04928341128223441,0.1825291937092701,0.5022810761719366,-0.05501790060764644,0.28191143693935516,0.8022977922159853,0.6011654981591094,0.533285246540472,0.265200615262109,0.287026245212454,1.0,0.4680739871402245,0.38722992910056736,0.4537563017826673,0.22187701682923852
-0.03164730335890613,-0.02222488769376185,-0.058233671191122514,-0.04156331808264277,0.11632226652760565,0.36087369945847003,-0.006507548488245407,0.21829177448853962,0.5704056137908008,0.30499888246711454,0.49389885928147687,0.3549870852378697,0.35352366613900005,0.4680739871402245,1.0,-0.0013658480393852913,0.01592944529038139,0.05901951675305873
0.008785247737428163,-0.05343312008378664,-0.00946663435450961,-0.04335394637815174,0.11879036300444512,0.27017412474131974,-0.0578914625108507,0.1486861718565583,0.4959234255226189,0.39666536474070857,0.24654349470629897,0.3408618728866501,0.32926855936786176,0.38722992910056736,-0.0013658480393852913,1.0,0.005285039743964882,0.009675025202220652
0.01217091843051216,-0.07404320572996431,-0.013274499505183937,-0.0520796315612519,0.12390030556638788,0.30110570101878364,-0.07781416863116412,0.18549244201786486,0.567718575488754,0.5159725925507203,0.31162624241905035,0.3643407466470351,0.3807070124885217,0.4537563017826673,0.01592944529038139,0.005285039743964882,1.0,-0.010167608858999116
0.003110056355786042,-0.052144514211359926,-0.007919937402093813,-0.031028752327405002,0.08637729139093084,0.14957567641020267,-0.007491562030147699,0.14235572465237997,0.2878862158205474,0.24093838434865447,0.17254860517041865,0.21065849071563836,0.16237697015735225,0.22187701682923852,0.05901951675305873,0.009675025202220652,-0.010167608858999116,1.0
